[app/ui]
version = 9.2.0.1
modtime = 1715119677.971484000

[app/launcher]
version = 9.2.0.1
modtime = 1715119677.974861000
